235438
719853
188635
555991
122615
826592
794165
248426
87626
961187
733476
441768
871967
474960
797733
125757
685795
297719
334538
107334
342359
948566
487622
892179
851059
873679
750257
501566
935000
38176
60491
406886
763590
352222
597969
599642
874335
162529
408223
869936
384862
514906
531886
54637
465730
94344
727625
186055
927538
885655
323128
352357
196491
819147
16722
389853
261955
754568
907865
59091
219270
801006
614841
756624
274458
887598
404698
421504
960643
516357
36299
729700
437234
587784
793346
947434
133211
755940
666986
848804
24735
297817
124940
320238
90742
266780
112151
198851
462849
43544
670405
526704
458416
166264
311154
790882
611753
307811
94947
484278
810998
282589
211968
106531
890935
335871
100578
934787
906474
901403
660460
745756
520060
507791
97978
784842
247779
913075
632466
963982
971195
285946
210419
324335
232231
360868
570932
886152
769598
104080
933266
471647
684026
843812
503022
32592
639599
192386
384263
118182
430278
689047
123890
143501
686344
902592
674270
383194
15059
75
312030
203464
581210
105539
515579
858915
473232
279995
352453
189664
399141
80044
307142
25326
834501
502304
548375
590468
699424
512298
855518
719117
817957
618211
331999
68355
655183
105594
566389
521391
851966
406458
253018
191848
355889
942815
862517
622276
611520
306014
316516
897355
487567
814348
173747
478214
416470
748523
15767
733536
94515
328314
245084
656119
269281
190728
450836
189885
882170
624338
665707
407981
205166
53020
243603
556853
862105
181020
622232
540460
115732
447207
29217
261550
954556
796395
905563
843207
499234
704325
670878
573157
117496
797330
548983
378366
393952
149033
210915
223760
158835
449046
348858
667248
305892
94892
725796
437898
417115
889857
366253
431889
575716
48074
905621
981070
182074
730410
317145
491921
164798
502767
861560
398831
718314
178205
216606
629547
293675
10364
664016
680184
787305
817155
804169
543687
498033
264703
601740
49584
148227
304891
741028
40937
194512
116992
568285
962521
445674
801717
161881
8489
520662
593027
602138
259655
60976
387165
657253
984925
896218
804050
671891
325461
127229
584178
618998
33157
321066
754305
515778
72779
204995
999397
140277
628904
346697
747067
740720
583999
16166
873638
738092
530677
11467
53834
732412
879890
952747
674940
484676
553031
900639
236945
729235
834225
696785
661847
958273
544063
800118
18707
849913
553411
555545
803890
904529
858687
25378
927217
325432
282504
8689
304522
976085
770896
782661
884297
548978
967111
105195
985835
855663
393099
996781
242934
954830
643295
17620
140154
837461
707880
721764
800227
827105
237087
523913
531368
287041
460956
175076
37882
869349
511848
672514
865234
489610
531085
124205
85649
756795
175873
66001
549774
915662
296420
493437
54930
421793
823155
363952
788145
297047
456468
887491
22355
405416
559645
859044
69805
180553
887031
238782
242035
417058
84744
494092
179851
346821
493711
935970
840889
834484
99496
556597
117650
123985
419944
821249
280279
347013
651064
708532
475367
821337
494911
403383
274650
722347
902440
868615
815513
729506
111479
706359
829367
592361
652397
873360
33943
433906
193964
417076
788517
668786
575191
914708
323131
619536
821248
251360
981772
308522
636892
871412
291512
819897
352857
904868
499289
902256
787586
157112
401455
980979
527921
245718
296961
977404
355888
173092
967908
221305
106073
873413
170525
315928
7417
599625
994149
42647
105038
572115
66574
471443
543102
910954
827546
507000
239143
226378
83505
29573
218403
180551
778992
491949
690897
954741
261086
696063
452046
835954
458404
873997
809611
495113
827128
354222
342953
51832
295147
318847
346274
178016
926037
235578
987850
54009
701018
426620
147202
840013
692687
912073
221613
365896
929746
570728
522905
634334
706996
87676
847819
17822
241850
835786
854911
919438
327717
326862
54660
323062
965149
807761
537032
848873
169162
245605
719833
399748
621078
429000
86714
857075
322159
445308
412501
590227
648123
54277
8077
310534
54528
315333
308507
456514
791230
708685
481299
209849
635933
171858
307536
130450
672735
522804
33341
442381
992750
786533
458596
857112
82055
447067
838351
210642
998872
360028
45315
84533
602400
330736
354087
823708
612754
796653
677584
414761
795819
30192
381472
979969
854214
839606
71154
529396
459745
850358
685038
57369
493086
501144
211633
509444
942232
923508
940484
178210
836844
119450
270153
666507
721906
849340
470949
328497
434611
526795
191235
140758
389446
570989
762219
34677
153488
950239
180467
22428
394215
951852
729158
431608
881573
850614
238444
43906
954133
538967
895177
535017
728984
88266
297572
74482
792996
569599
30979
513052
744128
297537
303921
259802
484156
832150
231530
717330
62594
330543
768284
816487
472983
59427
465136
913106
662987
979160
401743
501459
33456
854083
144822
263762
616623
468622
692884
162178
287559
998493
33170
304421
59123
654602
491175
148689
284279
915770
51779
482422
75451
442595
161828
978392
721624
748784
387352
509124
571349
732336
165703
524233
147565
123709
576088
457136
296622
416991
694907
272540
572772
843045
892119
111760
675926
808970
113279
527902
35321
336128
245378
592646
590732
65990
870838
633920
343494
73563
401257
686601
817265
524406
316062
722683
232649
308439
379537
936984
678093
605575
699413
263318
623695
744357
220432
823857
521180
246725
432760
949743
906839
472236
852178
365470
88949
588077
327145
158489
563912
720210
506850
866816
326298
32694
794324
324507
683300
88446
524525
998285
854616
318127
485858
19619
348073
816661
513743
950758
332714
578798
900708
292212
45270
988797
364072
137589
305658
324253
48154
128505
591568
679004
966932
9483
847323
653487
661274
140920
140664
949419
623517
507784
39582
307736
984752
761048
561769
735366
218710
967587
78348
645649
766864
902333
54915
652490
328683
485038
128739
89198
113961
603805
662344
528589
405441
813288
650303
420165
162889
198575
76676
399176
968007
529473
509763
843073
379117
560938
744892
129282
386811
849981
504868
815230
164399
764038
572809
930116
416877
260432
119425
95036
342050
236621
947281
156917
138970
249698
853444
71888
975760
706312
244291
811082
586620
472026
615747
257720
750841
997444
441159
741228
792472
513118
614059
558702
52528
526275
51300
405405
32338
267877
276099
438380
441618
865929
539610
98005
239702
991185
445790
762029
981078
562555
134239
566264
401777
306909
603133
370885
300700
475298
397366
938768
429355
767380
3372
211435
703999
333073
561993
785701
606085
254548
386819
332192
666204
944996
979505
34258
828766
94464
633587
877107
57291
941083
799499
34629
770173
636581
82518
615938
183797
152739
352441
32898
94810
832267
525893
797214
519069
929380
207472
331208
302858
676567
408979
610175
433667
626091
223132
626481
284912
490039
270991
316224
698645
562034
346294
161117
458302
636554
804994
396027
644886
642876
580666
676403
385014
853697
541753
206749
277135
680125
131050
534162
436073
140720
140932
228471
17014
647196
52184
569650
664815
886634
859393
966833
602302
701383
338644
208266
469771
605303
824118
102108
767788
251206
115029
324754
502691
869351
555076
991757
589300
813963
48866
740091
726103
603160
453735
730350
960305
689310
644316
932216
539595
594664
559935
345970
728095
638733
36319
37886
60758
579381
493992
973873
608708
221546
919147
464425
961810
799141
432272
373542
202778
382483
954652
167510
761139
585867
683449
815324
525370
467145
17532
316248
769194
6722
569040
313243
800729
853360
223838
543047
533119
872292
728829
9062
702377
35250
486929
836984
159021
719844
440396
363355
973985
631358
620453
669382
176300
327179
969000
674064
483790
537783
969098
478047
112576
521698
371663
863066
420122
412864
960734
324
592611
1411
484074
713863
79401
967894
471262
690195
403922
725750
700589
811158
264151
302606
961432
903012
213955
506550
124479
194247
747090
218275
208620
963012
844925
801385
440637
151588
610200
494703
268443
983674
667811
222193
838831
208192
849316
737976
697203
699685
723730
333062
898097
430577
362230
917537
346062
113959
497504
431971
844090
309834
93585
666544
141572
761765
672999
543815
548258
361641
825145
203491
509264
174043
401440
144494
832279
192556
599634
29506
904930
524244
943993
716104
947718
473406
987742
62988
625804
80849
326826
791414
159840
499815
927392
743848
67121
82670
519081
980778
966658
444509
740620
238717
825330
176518
465655
419839
366699
634933
238812
906409
710065
912394
77587
360156
133659
416861
768492
194894
946158
371152
449080
811049
48890
837017
188905
552404
306348
802641
724879
989686
87572
781420
909612
739161
824740
641288
127859
139181
259748
903086
547088
369996
818372
119597
440897
164636
247708
607554
404698
99637
352291
379594
608216
956591
401640
417840
128944
947344
82321
441373
89039
178460
63146
758769
944932
779034
321204
855201
718635
158587
565999
775403
332827
86802
788319
167479
129782
783406
962685
605233
454928
33510
411569
679956
411352
532840
14134
325270
330897
395259
197771
475055
766816
503166
298822
33742
149379
891072
71870
31353
653242
127328
526699
236078
246604
350781
407763
805686
133179
248365
254314
812279
774624
727047
38590
858559
483550
982367
167693
851341
926080
705507
432220
622805
972979
675618
313640
801263
425407
207215
522350
931057
996723
32705
322322
286961
845486
148474
764097
504630
819627
299049
672437
871657
46965
683289
885508
299759
76190
617493
929710
620048
760953
53176
723818
918728
389294
388175
939767
984
750440
580935
716969
554354
251067
819112
980094
275176
514055
901311
82073
918291
748115
175962
848668
257216
545883
903910
324313
574740
726341
37916
12588
21603
555152
410147
280213
551072
813923
348989
196788
929991
533977
541050
83691
466882
196093
954644
352447
741134
364262
840561
949874
998414
368420
227473
149426
4899
255775
716697
934790
302147
677384
73635
962565
148499
740025
998560
905231
197608
589891
986269
410170
654122
318389
502565
565039
381903
21705
951816
25015
893776
890077
341067
989640
561820
366035
25324
942096
485180
689905
714683
835565
119835
5767
647568
215155
523058
332489
367260
757504
94405
895339
882799
353042
178254
626953
384448
475388
511891
348960
595785
672048
463741
223074
352081
618883
820508
951579
552281
421533
705001
492213
740500
188053
548475
837596
403241
464098
313370
975447
787115
797217
27672
980731
678492
58770
454155
679683
613161
88599
129589
428494
429827
103296
864816
874160
308922
701389
716148
491672
728365
142331
598867
925168
58982
375208
891479
408914
239810
461137
136785
679111
15400
939731
865602
38002
238894
548137
619628
991878
570411
298976
994307
129850
556788
913505
558275
723927
733190
440071
146337
50651
628584
844412
842248
807647
313548
942384
447701
787548
594629
866917
76479
633916
356562
203562
398962
839273
922988
780721
209287
174797
605687
718994
855180
363352
691099
729562
412392
935004
466022
393397
502019
516089
712036
546941
441978
233729
442398
210754
572745
350568
532531
70483
865989
273482
526073
669147
343561
932560
652487
21561
709794
853911
619297
847850
421222
601328
704491
644553
559504
144018
552341
706907
976220
539757
944039
621455
998849
801219
486679
754105
680501
728585
227666
10681
856388
462239
920322
739162
303641
39909
157709
531666
311538
79840
923474
83583
313414
281238
146813
734494
878796
455016
200113
383761
627220
238396
346575
471515
408710
185994
384621
787313
446837
643461
780615
45647
413551
782818
971723
475581
241129
115047
249940
32619
737973
472954
681485
33442
718245
87726
16201
176604
500749
308738
912679
548463
37295
456591
340771
690194
672673
499336
201356
461952
774659
488039
869790
363735
87891
564112
340556
971593
623487
187308
564551
982613
730772
684043
743345
24044
163936
128650
881935
150768
22153
795938
435561
908535
328575
665910
833735
445544
508746
668022
573270
867679
669177
295149
783885
894502
555298
816395
237504
218365
993260
